0
Grid:
32,32
@@@.@.@@@.@@@.@@@.@@@.@@@.@@@.@@
@...@.......@...@.......@...@...
@...@...@...@.......@...@.......
....@...@.......@...@.......@...
@@@.@@.@@@@.@@.@@@@@@@@@@@@.@@.@
@.......@...........@...@...@...
....@.......@...@...@...@.......
@...@...@...@...@.......@...@...
@@@@@@.@@@@@@@.@@@.@@@@.@.@@@@@.
....@.......@.......@.......@...
@.......@...@...@...@...@.......
@...@...@.......@.......@...@...
@@@@@.@@@.@@@@@@@@.@@@.@@@@.@@@.
@...@.......@...@.......@...@...
@...@...@...........@...@.......
....@...@...@...@...@...@...@...
@@.@@@.@@@@.@@@@@@.@@@.@@@@.@@@.
....@...@...@...@.......@...@...
@...@.......@.......@...........
@.......@...@...@...@...@...@...
@@.@@@@@@.@@@@@@@@@@@@.@@@@.@@@.
@...@.......@...@.......@...@...
@.......@...@.......@...@...@...
....@...@.......@...@...@.......
@.@@@@@@@@@.@@@.@.@@@@@.@@@.@@.@
@...@...@...@...@...@.......@...
........@...@...@.......@...@...
@...@...@...........@...@...@...
@@@.@@@@@@.@@@@@@@.@@@@.@@@.@@@.
....@...@...@...@...@...@...@...
@...........@...@...@...@...@...
@...@...@...@...................
Agents:
12
0,8,6,6,13
1,9,0,6,27
2,7,25,14,13
3,6,0,16,31
4,5,31,15,10
5,2,18,6,30
6,6,7,1,31
7,10,10,18,26
8,3,0,22,25
9,10,9,17,2
10,1,1,26,27
11,22,5,7,31
CurrentPlan:
2,52
12#;29,0;29,1;29,2;29,3;28,3;27,3;27,2;27,1;26,1;25,1;24,1;23,1;23,2;22,2;21,2;20,2;19,2;19,3;19,4;19,5;19,6;19,7;19,7;18,7;18,8;18,9;19,9;20,9;20,9;20,9;20,9;20,9;20,9;20,9;20,9;20,9;20,9;20,9;20,9;20,9;20,9;20,9;20,9;20,9;20,9;20,9;20,9;20,9;20,9;20,9;20,9;20,9
13#;0,5;1,5;1,6;2,6;3,6;4,6;5,6;6,6;7,6;8,6;9,6;9,5;10,5;11,5;12,5;13,5;13,6;14,6;15,6;16,6;17,6;17,7;18,7;18,8;18,9;19,9;20,9;21,9;21,10;21,11;22,11;23,11;24,11;24,11;24,11;24,11;24,11;24,11;24,11;24,11;24,11;24,11;24,11;24,11;24,11;24,11;24,11;24,11;24,11;24,11;24,11;24,11
